27
94. 126. 0.040 5.0
4.   1.02   126.0 
5.   0.88   352.0  
6.   0.85   648.0   
7.   0.85  1081.0   
8.   0.84  1638.0  
9.   0.77  2335.0   
10.  0.72  3170.0  
11.  0.67  4017.0   
12.  0.62  4755.0   
13.  0.43  5000.0  
14.  0.33  5000.0  
15.  0.26  5000.0   
16.  0.22  5000.0   
17.  0.18  5000.0 
18.  0.15  5000.0  
19.  0.13  5000.0  
20.  0.11  5000.0   
21.  0.10  5000.0 
22.  0.08  5000.0  
23.  0.08  5000.0
24.  0.07  5000.0 
25.  0.06  5000.0 
26.  0.05  5000.0
27.  0.05  5000.0
28.  0.04  5000.0
29.  0.04  5000.0
30.  0.04  5000.0
