27
94. 126. 0.040 6.2
4.   1.02    68.0
5.   0.88   322.0  
6.   0.85   661.0  
7.   0.85  1100.0    
8.   0.84  1659.0   
9.   0.77  2369.0  
10.  0.72  3198.0   
11.  0.67  4145.0  
12.  0.62  5025.0   
13.  0.43  5735.0   
14.  0.33  6124.0  
15.  0.26  6160.0  
16.  0.22  6200.0   
17.  0.18  6200.0   
18.  0.15  6200.0 
19.  0.13  6200.0  
20.  0.11  6200.0  
21.  0.10  6200.0   
22.  0.08  6200.0 
23.  0.08  6200.0  
24.  0.07  6200.0
25.  0.06  6200.0 
26.  0.05  6200.0 
27.  0.05  6200.0
28.  0.04  6200.0
29.  0.04  6200.0
30.  0.04  6200.0
