 51.619688 2.923733 1
 51.623522 2.927440 1
 51.627353 2.931160 1
 51.631108 2.934775 1
 51.628472 2.939163 1
 51.625900 2.943438 1
 51.624713 2.935557 1
 51.620937 2.934933 1
 51.617587 2.929093 1
 51.622328 2.919338 1
 51.626162 2.923043 1
 51.629995 2.926765 1
 51.633750 2.930380 1
 51.636392 2.925983 1
 51.632635 2.922368 1
 51.628802 2.918662 1
 51.624970 2.914942 1
 51.631443 2.914265 1
 51.635275 2.917985 1
 51.639033 2.921590 1
 51.641675 2.917195 1
 51.637917 2.913588 1
 51.634083 2.909867 1
 51.637648 2.903345 1
 51.641015 2.909203 1
 51.644768 2.912048 1
 51.627610 2.910545 1
 51.630250 2.906147 1
 51.633807 2.901892 1
 51.630900 2.895102 1
 51.627207 2.890588 1
 51.623480 2.886038 1
 51.619628 2.883145 1
 51.616422 2.877405 1
 51.612640 2.872720 1
 51.625230 2.903037 1
 51.627870 2.898640 1
 51.624135 2.894140 1
 51.620212 2.891203 1
 51.616377 2.887500 1
 51.613332 2.880937 1
 51.608930 2.868138 1
 51.605188 2.863508 1
 51.601485 2.858932 1
 51.622590 2.907433 1
 51.618757 2.903715 1
 51.621405 2.899318 1
 51.617572 2.895600 1
 51.613738 2.891883 1
 51.610693 2.885320 1
 51.609480 2.876932 1
 51.605778 2.872003 1
 51.601773 2.868463 1
 51.598442 2.861725 1
 51.619950 2.911830 1
 51.616117 2.908112 1
 51.612292 2.904393 1
 51.614932 2.899997 1
 51.611098 2.896280 1
 51.608053 2.889717 1
 51.606670 2.881473 1
 51.602782 2.877282 1
 51.597012 2.868270 1
 51.617310 2.916212 1
 51.614422 2.922778 1
 51.613407 2.914760 1
 51.609648 2.911012 1
 51.608463 2.902855 1
 51.605652 2.895887 1
 51.604132 2.887907 1
 51.600523 2.883180 1
 51.597710 2.876213 1
 51.520865 2.928119 4
 51.525173 2.920951 4
 51.529494 2.913758 4
 51.533809 2.906586 4
 51.538111 2.899394 4
 51.542411 2.892197 4
 51.546718 2.885026 4
 51.524731 2.939656 4
 51.528951 2.931928 4
 51.533170 2.924176 4
 51.537387 2.916436 4
 51.541598 2.908701 4
 51.545805 2.900937 4
 51.550214 2.892632 4
 51.529649 2.950303 4
 51.533569 2.942319 4
 51.537491 2.934319 4
 51.541427 2.926322 4
 51.545337 2.918317 4
 51.549274 2.910317 4
 51.553861 2.900648 4
 51.534277 2.960457 4
 51.537566 2.953008 3
 51.540170 2.947137 3
 51.542774 2.941266 3
 51.545379 2.935394 3
 51.547982 2.929520 3
 51.550585 2.923646 3
 51.554080 2.915609 4
 51.557370 2.908324 4
 51.544822 2.978478 4
 51.548326 2.972245 4
 51.551839 2.966027 4
 51.555357 2.959795 4
 51.558885 2.953557 4
 51.550161 2.986853 4
 51.554803 2.978629 4
 51.559444 2.970399 4
 51.564079 2.962171 4
 51.555510 2.995278 4
 51.560201 2.986934 4
 51.564908 2.978543 4
 51.569606 2.970181 4
 51.560412 3.004484 4
 51.565128 2.996053 4
 51.569846 2.987609 4
 51.574583 2.979192 4
 51.563934 3.016148 4
 51.567552 3.009671 4
 51.571184 3.003180 4
 51.574799 2.996690 4
 51.578422 2.990210 4
 51.577338 3.010000 4
 51.580960 3.003506 4
 51.697014 2.805562 2
 51.691325 2.802161 2
 51.685635 2.798765 2
 51.679950 2.795365 2
 51.674260 2.791964 2
 51.668568 2.788564 2
 51.662883 2.785182 2
 51.657190 2.781786 2
 51.651507 2.778380 2
 51.645805 2.775000 2
 51.694418 2.810557 2
 51.688737 2.807163 2
 51.683046 2.803761 2
 51.677362 2.800355 2
 51.671667 2.796958 2
 51.665973 2.793569 2
 51.660285 2.790171 2
 51.654595 2.786777 2
 51.648905 2.783383 2
 51.643631 2.780258 2
 51.691824 2.815557 2
 51.686136 2.812152 2
 51.680448 2.808760 2
 51.674762 2.805356 2
 51.669070 2.801961 2
 51.663381 2.798563 2
 51.657693 2.795161 2
 51.652009 2.791785 2
 51.646316 2.788376 2
 51.640826 2.785111 2
 51.689231 2.820561 2
 51.683541 2.817155 2
 51.677852 2.813758 2
 51.672157 2.810368 2
 51.666481 2.806952 2
 51.660792 2.803565 2
 51.655103 2.800166 2
 51.649421 2.796769 2
 51.643728 2.793377 2
 51.638033 2.789984 2
 51.686638 2.825565 2
 51.680953 2.822152 2
 51.675264 2.818747 2
 51.669578 2.815354 2
 51.663895 2.811955 2
 51.658203 2.808555 2
 51.652525 2.805169 2
 51.646821 2.801755 2
 51.641139 2.798360 2
 51.635437 2.794978 2
 51.692330 2.828950 2
 51.694920 2.823959 2
 51.697526 2.818960 2
 51.700114 2.813948 2
 51.702703 2.808958 2
 51.688312 2.836000 5
